1791474667710 28751,
1791474668015 28751,
1791474668353 28751,
1791474668668 28751,
1791474669084 28751,
1791474669347 28751,
1791474669581 28751,
1791474669838 28751,
1791474670106 28751,
1791474670453 28751,
1791474670716 28751,
1791474670968 28751,
1791474671316 
1791474671559 
1791474671774 
1791474671992 
1791474672217 
1791474672435 
1791474672749 
1791474672980 55563,
1791474673203 55563,
1791474673421 55563,
1791474673636 55563,
1791474673857 55563,
1791474674103 55563,
1791474674322 55563,
1791474674534 55563,
1791474674760 55563,
1791474674997 55563,
1791474675233 55563,
1791474675493 55563,
1791474675765 55563,
1791474676024 55563,
1791474676279 55563,
1791474676535 55563,
1791474676780 55563,
1791474677044 55563,
1791474677276 55563,
1791474677606 55563,
1791474677918 55563,
1791474678231 55563,
1791474678494 55563,
1791474678719 55563,
1791474678952 55563,
1791474679242 55563,
1791474679479 55563,
1791474679772 55563,
1791474680003 55563,
1791474680259 55563,
1791474680480 55563,
1791474680746 55563,
1791474681001 55563,
1791474681253 55563,
1791474681486 55563,
1791474681720 55563,
1791474681973 55563,
1791474682212 55563,
1791474682439 55563,
1791474682703 55563,
1791474682942 55563,
1791474683172 55563,
1791474683410 55563,
1791474683707 55563,
1791474684030 55563,
1791474684250 55563,
1791474684487 55563,
1791474684738 55563,
1791474685032 55563,
1791474685324 55563,
1791474685542 55563,
1791474685798 55563,
1791474686038 55563,
1791474686257 55563,
1791474686501 55563,
1791474686734 55563,
1791474686966 55563,
1791474687206 55563,
1791474687437 55563,
1791474687709 55563,
1791474687978 55563,
1791474688220 55563,
1791474688480 55563,
1791474688692 55563,
1791474688915 55563,
1791474689134 55563,
1791474689350 55563,
1791474689566 55563,
1791474689784 55563,
1791474690034 55563,
1791474690251 55563,
1791474690484 55563,
1791474690705 55563,
1791474690935 55563,
1791474691157 55563,
1791474691384 55563,
1791474691606 55563,
1791474691818 55563,
1791474692043 55563,
1791474692291 55563,
1791474692589 55563,
1791474692835 55563,
1791474693078 55563,
1791474693298 55563,
1791474693545 55563,
1791474693800 55563,
